      0/29      3.8G    0.1105    0.0667   0.08193    0.2592        57       800   0.00311   0.02738 0.0001351 1.846e-05    0.1095   0.05011   0.08117
      1/29      3.8G    0.1012   0.06103   0.08247    0.2447        67       800  0.005152   0.05998 0.0004946 0.0001113   0.09375   0.04667   0.07895
      2/29      3.8G   0.09282   0.06248   0.07935    0.2347        52       800   0.01231    0.1027  0.003341 0.0005654   0.08359   0.04601   0.07682
      3/29      3.8G   0.08592    0.0601   0.07739    0.2234        60       800   0.01793    0.1765   0.01044  0.001954   0.07826   0.04538   0.07395
      4/29      3.8G    0.0798   0.05953    0.0752    0.2145        49       800   0.05978    0.1682   0.02489  0.006471   0.07275   0.04408   0.07109
      5/29      3.8G    0.0749   0.06149   0.07154    0.2079        64       800   0.09331    0.1484   0.03993   0.01181   0.06885   0.04319   0.06851
      6/29      3.8G   0.07235    0.0617   0.06834    0.2024        43       800    0.1358     0.168   0.06632   0.01837   0.06437   0.04201   0.06576
      7/29      3.8G   0.06935   0.06116   0.06531    0.1958        49       800    0.1203    0.1967   0.08299   0.02694   0.06457   0.04114   0.06235
      8/29      3.8G   0.06926   0.06043   0.06327     0.193        81       800    0.1061    0.2436    0.0833   0.02782   0.06372   0.03985   0.05853
      9/29      3.8G   0.06675   0.05836    0.0624    0.1875        53       800    0.1162     0.201   0.08183   0.03124   0.06316   0.03891   0.05553
     10/29      3.8G   0.06377   0.05718    0.0587    0.1796        59       800    0.1208    0.2866   0.08488   0.03237   0.06121   0.03812   0.05328
     11/29      3.8G   0.06194   0.05782   0.05744    0.1772        42       800    0.1339    0.2567   0.08842   0.03451   0.05982   0.03759   0.05214
     12/29      3.8G   0.06062   0.05873   0.05577    0.1751        79       800     0.321    0.2463    0.0922    0.0313   0.05926   0.03699   0.05048
     13/29      3.8G   0.05897   0.05953   0.05374    0.1722        74       800    0.1552    0.3314    0.1078   0.04397   0.05749   0.03676   0.04947
     14/29      3.8G   0.05789   0.05637    0.0525    0.1668        48       800     0.198    0.2699    0.1012   0.03669   0.05788   0.03587   0.04822
     15/29      3.8G   0.05709   0.05599   0.05101    0.1641        72       800    0.2439     0.312    0.1353   0.04904   0.05697   0.03514   0.04735
     16/29      3.8G   0.05717   0.05558   0.05089    0.1636        55       800    0.2311    0.3293    0.1313   0.05108   0.05609   0.03474   0.04621
     17/29      3.8G   0.05653   0.05463   0.05225    0.1634        56       800    0.1762    0.3422    0.1392   0.04773   0.05393   0.03472   0.04606
     18/29      3.8G   0.05627   0.05193   0.04894    0.1571        70       800     0.345    0.2139    0.1139   0.04244   0.05626   0.03377    0.0452
     19/29      3.8G    0.0576   0.05846   0.04989     0.166        60       800    0.1233    0.3646    0.1266    0.0465   0.05643   0.03437   0.04445
     20/29      3.8G   0.05306   0.05396   0.04821    0.1552        60       800    0.1568      0.35     0.142   0.05603   0.05466   0.03426   0.04384
     21/29      3.8G   0.05275    0.0466   0.04583    0.1452        46       800    0.1594    0.3967    0.1702   0.07797   0.05172   0.03362   0.04328
     22/29      3.8G   0.05411   0.05281   0.04769    0.1546        45       800    0.2465     0.253    0.1492   0.05567   0.05244    0.0332   0.04298
     23/29      3.8G   0.05347   0.05291   0.04838    0.1548        75       800    0.2271    0.3195    0.1659   0.07013   0.05302   0.03324   0.04201
     24/29      3.8G   0.05311   0.04988   0.04566    0.1486        51       800     0.221    0.3358    0.1932   0.08363   0.05204   0.03304   0.04147
     25/29      3.8G   0.05331   0.05289   0.04721    0.1534        48       800    0.1862    0.4012    0.1952   0.09018   0.05124   0.03309   0.04122
     26/29      3.8G   0.05311   0.05045   0.04589    0.1495        57       800    0.1953     0.319    0.1798   0.07204   0.05289   0.03239   0.04089
     27/29      3.8G   0.05236   0.05443    0.0453    0.1521        58       800      0.18    0.4299    0.2016   0.08012   0.05094   0.03264   0.04051
     28/29      3.8G   0.05205   0.05242   0.04485    0.1493        54       800    0.1996     0.408    0.2069   0.08356   0.05044    0.0325   0.04021
     29/29      3.8G   0.05145   0.05569   0.04449    0.1516        71       800     0.256    0.3699    0.2045   0.08542   0.05087   0.03259      0.04
